bybit:
  api_key: bUwxq7ip . . 
  api_secret: K3SyZ. . . 
  int_triggers:
  int_trigger1: 3
  int_trigger2: 10
  int_trigger3: 20
  int_trigger4: 30
ints:
  int_0: 20
  int_1: 10
  int_10: 30
  int_2: 30
  int_3: 30
  int_4: 30
  int_7: 10
  int_8: 20
  int_9: 30
isLeverage: 0
min_value: 0.0002
symbol: BTCUSDC
tg:
  bot_token: 6928882205:. . . 
time_period: 60
values:
  q1: 0.00022
  q10: 0.00021
  q11: 0.0002
  q3: 0.00021
  q4: 0.0002
  q5: 0.00022
  q7: 0.00022
  q8: 0.00023
  q9: 0.0002
  q_enter1: 0.00025
  q_enter2: 0.00024
deltaP: 0.0001